N <- 16
x <- 
c(-1.42123690806329, 7.19154350925237, 0.177382696419954, -1.9297764217481,
-4.76224784273654, -6.5458261128515, 7.12269912473857, 1.08951724134386,
4.87289588432759, 3.58656222000718, -9.3452013283968, -0.0510089285671711,
-8.36041568312794, -3.02926439326257, -2.58550608996302, 3.74037806876004)
y <- 
c(-0.287585948053534, -0.4722801210115, -0.3436132356707, -0.0327872685652939,
0.235261706880111, 0.588059348437333, -0.593053445961535, -0.204367573579264,
-0.400436505484149, 0.0159243951405867, 2.5259599450497, -0.418650044055445,
1.94970617934734, -0.192330246645169, -0.0989505988102071, -0.0779038550381468)
N_predict <- 16
x_predict <- 
c(5.33026647754014, -9.4413198530674, -9.180888524279, -9.98303449247032,
7.4591228691861, 3.43869901727885, -5.75110708363354, 4.56524807959795,
-9.6627446776256, -8.27358433976769, -2.925666407682, -2.31617715209723,
-2.73873508907855, -5.8065986726433, 8.66158861201257, -3.90537641942501)
